[Frames]
0	2	Start_H100	0	0	8300	3300
0	2	Start_H200	0	0	8390	3260
0	2	Start_H300	0	0	8470	3220
0	2	Start_H400	0	0	8540	3180
0	2	Start_H500	0	0	8600	3150
1	3	Start_H600	0	0	8400	3120
1	3	Start_H700	0	0	8480	3080
1	3	Start_H800	0	0	8560	3040
1	3	Start_H900	0	0	8640	3000
1	4	Start_K100	1	0	9700	3500
1	4	Start_K110	1	0	9800	3460
1	4	Start_K120	1	0	9900	3420
1	4	Start_K130	1	0	10000	3370
2	4	Start_H1000	0	0	8590	3000
2	4	Start_H1100	0	0	8670	2960
2	4	Start_H1200	0	0	8750	2920
2	5	Start_K140	1	0	9890	3330
2	5	Start_K150	1	0	9940	3300
2	5	Start_K160	1	0	10030	3280
2	5	Start_K170	1	0	10100	3260
3	5	Start_H1300	0	0	8600	2900
3	5	Start_H1400	0	0	8660	2880
3	5	Start_H1500	0	0	8730	2850
3	5	Start_H1600	0	0	8800	2820
3	6	Start_K180	1	0	9900	3230
3	6	Start_K190	1	0	10000	3200
3	6	Start_A100	2	0	15000	2700
3	6	Start_A102	2	0	15250	2650
3	6	Start_A104	2	0	15500	2600
4	6	Start_H1700	0	0	8750	2790
4	6	Start_H1800	0	0	8830	2750
4	6	Start_H1900	0	0	9000	2700
4	7	Start_K200	1	0	9900	3200
4	7	Start_K210	1	0	9990	3160
4	7	Start_K220	1	0	10070	3120
4	7	Start_K230	1	0	10150	3080
4	7	Start_A106	2	0	14990	2650
4	7	Start_A108	2	0	15200	2500
4	7	Start_B200	3	0	19300	2800
4	7	Start_B210	3	0	19500	2760
4	7	Start_B220	3	0	19700	2730
4	7	Start_B230	3	0	20000	2700
5	7	Start_H2000	0	0	8300	2700
5	7	Start_H2100	0	0	8400	2680
5	7	Start_H2200	0	0	8500	2650
5	7	Start_H2300	0	0	8600	2630
5	8	Start_H2000S	0	1	16500	3200
5	8	Start_H2200S	0	1	16900	3150
5	8	Start_K240	1	0	9870	3030
5	8	Start_K250	1	0	9940	3000
5	8	Start_K260	1	0	10000	2970
5	8	Start_K250S	1	1	19500	3500
5	8	Start_A110	2	0	14500	2500
5	8	Start_A113	2	0	15000	2430
5	8	Start_A115	2	0	15300	2380
5	8	Start_A118	2	0	15600	2300
5	8	Start_A110S	2	1	29000	3000
5	8	Start_A118S	2	1	31000	2800
5	8	Start_B250	3	0	19600	2670
5	8	Start_B260	3	0	19800	2630
5	8	Start_B270	3	0	20000	2570
5	8	Start_B280	3	0	20220	2530
5	8	Start_B290	3	0	20500	2500
5	8	Start_B250S	3	1	39000	3170
5	8	Start_B290S	3	1	41000	3000
6	8	Start_H2400	0	0	8400	2630
6	8	Start_H2500	0	0	8500	2610
6	8	Start_H2600	0	0	8600	2590
6	9	Start_H2500S	0	1	16800	3110
6	9	Start_K270	1	0	9800	2930
6	9	Start_K270S	1	1	19300	3430
6	9	Start_A120	2	0	14000	2300
6	9	Start_A123	2	0	14400	2230
6	9	Start_A125	2	0	14700	2180
6	9	Start_A128	2	0	15000	2100
6	9	Start_A120S	2	1	26700	2800
6	9	Start_A128S	2	1	30000	2600
6	9	Magic_S600	2	1	32000	2700
6	9	Magic_S620	2	1	33500	2640
6	9	Magic_S640	2	1	35000	2590
6	9	Start_B300	3	0	19000	2500
6	9	Start_B330	3	0	19600	2400
6	9	Start_B360	3	0	20300	2300
6	9	Start_B390	3	0	21000	2200
6	9	Start_B300S	3	1	38000	3000
6	9	Start_B330S	3	1	39500	2900
6	9	Start_B360S	3	1	40500	2800
6	9	Start_B390S	3	1	42000	2700
6	9	Start_T01	4	0	45000	2100
6	9	Start_T03	4	0	47000	2050
6	9	Start_T05	4	0	48990	1990
6	9	Start_T01S	4	1	100000	2600
6	9	Start_T05S	4	1	112000	2490
7	9	Start_H2700	0	0	8170	2570
7	9	Start_H2800	0	0	8290	2530
7	9	Start_H2900	0	0	8400	2500
7	10	Start_H2900S	0	1	16500	3000
7	10	Start_K280	1	0	9600	2860
7	10	Start_K290	1	0	9700	2800
7	10	Start_K290S	1	1	19000	3300
7	10	Start_A130	2	0	13500	2100
7	10	Start_A135	2	0	14000	2050
7	10	Start_A139	2	0	14400	1990
7	10	Fixer_N10	2	0	13000	2200
7	10	Fixer_N12	2	0	13500	2150
7	10	Fixer_N14	2	0	14000	2090
7	10	Fixer_N10D	2	0	11000	2400
7	10	Fixer_N12D	2	0	11700	2300
7	10	Fixer_N14D	2	0	12300	2220
7	10	Monbird_ST500	2	0	15000	2200
7	10	Monbird_ST530	2	0	16000	2133
7	10	Monbird_ST560	2	0	17000	2066
7	10	Monbird_ST590	2	0	18000	2000
7	10	Start_A130S	2	1	26300	2600
7	10	Fixer_N10M	2	1	25500	2700
7	10	Fixer_N10MD	2	1	22000	2900
7	10	Monbird_ST500B	2	1	30000	2700
7	10	Monbird_ST590B	2	1	36000	2500
7	10	Magic_S660	2	1	34000	2550
7	10	Magic_S680	2	1	35000	2500
7	10	Start_B400	3	0	19990	2200
7	10	Start_B420	3	0	20990	2120
7	10	Start_B440	3	0	22300	2060
7	10	Start_B400S	3	1	39000	2700
7	10	Start_T07	4	0	43800	1950
7	10	Start_T09	4	0	46000	1900
7	10	Start_T09S	4	1	94000	2400
8	10	Start_H3000	0	0	7900	2500
8	10	Start_H3200	0	0	8100	2450
8	10	Start_H3400	0	0	8300	2400
8	10	Start_H3000S	0	1	15000	3000
8	10	Start_H3400S	0	1	16100	2900
8	10	Start_K300	1	0	9500	2800
8	10	Start_K320	1	0	9749	2733
8	10	Start_K340	1	0	9900	2650
8	10	Start_K300S	1	1	18500	3300
8	10	Start_K340S	1	1	19200	3150
8	10	Start_A140	2	0	13400	1950
8	10	Start_A145	2	0	14000	1900
8	10	Start_A145S	2	1	27000	2400
8	10	Fixer_N16	2	0	13000	2050
8	10	Fixer_N18	2	0	13500	2000
8	10	Fixer_N16D	2	0	10900	2250
8	10	Fixer_N18D	2	0	11700	2200
8	10	Monbird_ST600	2	0	16300	2000
8	10	Monbird_ST630	2	0	17600	1933
8	10	Monbird_ST660	2	0	18800	1866
8	10	Monbird_ST690	2	0	20000	1800
8	10	Fixer_N18M	2	1	26300	2500
8	10	Fixer_N18MD	2	1	22900	2700
8	10	Monbird_ST600B	2	1	32500	2500
8	10	Monbird_ST690B	2	1	39000	2300
8	10	Magic_S700	2	1	33000	2500
8	10	Magic_S720	2	1	34300	2450
8	10	Magic_S740	2	1	35800	2390
8	10	Start_B460	3	0	19200	1980
8	10	Start_B480	3	0	20000	1900
8	10	Start_B480S	3	1	39800	2400
8	10	Magic_S800	3	1	46000	2800
8	10	Magic_S820	3	1	48000	2680
8	10	Magic_S840	3	1	50000	2550
8	10	Start_T10	4	0	42000	1900
8	10	Start_T12	4	0	43400	1880
8	10	Start_T14	4	0	45000	1860
8	10	Start_T10S	4	1	85000	2400
8	10	Start_S1	3	1	41000	2700
8	10	Start_S3	3	1	42500	2650
8	10	Start_S5	3	1	44000	2590
8	10	Magic_S900	4	1	115000	2400
8	10	Magic_S920	4	1	120000	2380
8	10	Magic_S940	4	1	125000	2360
8	10	Monbird_ST800	4	0	59000	1800
8	10	Monbird_ST820	4	0	63000	1750
8	10	Monbird_ST840	4	0	67000	1690
8	10	Monbird_ST800B	4	1	120000	2300
9	10	Start_H3600	0	0	8100	2350
9	10	Start_H3800	0	0	8000	2300
9	10	Start_H3800S	0	1	15000	2800
9	10	Start_K360	1	0	9000	2580
9	10	Start_K380	1	0	9500	2500
9	10	Start_K380S	1	1	18000	3000
9	10	Start_A150	2	0	13700	1900
9	10	Start_A154	2	0	15300	1800
9	10	Start_A158	2	0	16000	1700
9	10	Start_A150S	2	1	27000	2400
9	10	Start_A154S	2	1	28700	2300
9	10	Start_A158S	2	1	30000	2200
9	10	Start_B500	3	0	18000	1900
9	10	Start_B540	3	0	20000	1800
9	10	Start_B580	3	0	22000	1700
9	10	Start_B500S	3	1	35000	2400
9	10	Start_B540S	3	1	38000	2300
9	10	Start_B580S	3	1	41000	2200
9	10	Start_T16	4	0	43000	1830
9	10	Start_T18	4	0	45000	1800
9	10	Start_T18S	4	1	92000	2300
9	10	Start_S7	3	1	42500	2550
9	10	Start_S9	3	1	45000	2500
9	10	Magic_S760	2	1	43300	2350
9	10	Magic_S780	2	1	45000	2300
9	10	Magic_S860	3	1	50000	2420
9	10	Magic_S880	3	1	55000	2300
9	10	Magic_S960	4	1	110000	2330
9	10	Magic_S980	4	1	118000	2300
9	10	Fixer_N20	2	0	12800	2000
9	10	Fixer_N24	2	0	14000	1900
9	10	Fixer_N28	2	0	15000	1800
9	10	Fixer_N20D	2	0	10000	2200
9	10	Fixer_N24D	2	0	11400	1900
9	10	Fixer_N28D	2	0	13200	2000
9	10	Fixer_N20M	2	1	25600	2500
9	10	Fixer_N24M	2	1	28000	2400
9	10	Fixer_N28M	2	1	30000	2300
9	10	Fixer_N20MD	2	1	20000	2700
9	10	Fixer_N24MD	2	1	22800	2600
9	10	Fixer_N28MD	2	1	25800	2500
9	10	Monbird_ST700	2	0	20000	1800
9	10	Monbird_ST730	2	0	22000	1700
9	10	Monbird_ST760	2	0	25000	1600
9	10	Monbird_ST790	2	0	29000	1500
9	10	Monbird_ST700S	2	1	40000	2300
9	10	Monbird_ST730S	2	1	45000	2200
9	10	Monbird_ST760S	2	1	52000	2100
9	10	Monbird_ST790S	2	1	64000	2000
9	10	Monbird_ST860	4	0	69000	1600
9	10	Monbird_ST880	4	0	75000	1500
9	10	Monbird_ST860B	4	1	150000	2100
9	10	Monbird_ST880B	4	1	180000	2000
9	10	Monbird_ST900	4	1	110000	2300
9	10	Monbird_ST930	4	1	140000	2200
9	10	Monbird_ST960	4	1	170000	2100
9	10	Monbird_ST990	4	1	200000	2000
9	10	Fixer_Z100	3	0	16000	2000
9	10	Fixer_Z140	3	0	17500	1900
9	10	Fixer_Z180	3	0	20000	1800
9	10	Fixer_Z100D	3	0	14000	2200
9	10	Fixer_Z140D	3	0	15800	2100
9	10	Fixer_Z180D	3	0	17000	2000
9	10	Fixer_Z100M	3	1	32000	2500
9	10	Fixer_Z140M	3	1	35000	2400
9	10	Fixer_Z180M	3	1	40000	2300
9	10	Fixer_Z100MD	3	1	28000	2700
9	10	Fixer_Z140MD	3	1	31000	2600
9	10	Fixer_Z180MD	3	1	33000	2500
10	10	Start_H	0	0	8000	2200
10	10	Start_HS	0	1	15000	2700
10	10	Start_K	1	0	9000	2400
10	10	Start_KS	1	1	17000	2900
10	10	Start_A	2	0	14000	1700
10	10	Start_AS	2	1	26500	2200
10	10	Start_B	3	0	20000	1700
10	10	Start_BS	3	1	37000	2200
10	10	Start_T	4	0	40000	1700
10	10	Start_TS	4	1	76000	2200
10	10	Monbird_STK	4	1	250000	1900
10	10	Monbird_STB	2	1	80000	1900
[END]
[Forks]
0	3	Start_R300	0	0	0	0	3870	1300
0	3	Start_R310	0	0	0	0	3940	1280
0	3	Start_R320	0	0	0	0	3990	1260
1	4	Start_R330	0	0	0	0	3930	1240
1	4	Start_R340	0	0	0	0	4000	1220
1	4	Start_R350	0	0	0	0	4120	1200
2	5	Start_R360	0	0	0	0	4000	1180
2	5	Start_R370	0	0	0	0	4130	1150
2	5	Start_HT1_30	1	0	30	0	5800	2400
2	5	Start_HT1_32	1	0	32	0	5900	2400
2	5	Start_HT1_35	1	0	35	0	6000	2400
3	6	Start_R380	0	0	0	0	3900	1125
3	6	Start_R390	0	0	0	0	4000	1100
3	6	Start_HT1_36	1	0	36	0	5850	2400
3	6	Start_HT1_40	1	0	40	0	5990	2400
3	6	Start_E1_40	1	1	40	0	8800	2200
3	6	Start_E1_45	1	1	45	0	9000	2200
3	6	Start_E1_50	1	1	50	0	9300	2200
4	7	Start_R400	0	0	0	0	3700	1100
4	7	Start_R410	0	0	0	0	3800	1080
4	7	Start_R420	0	0	0	0	3990	1060
4	7	Start_HT2_40	1	0	40	0	7400	2400
4	7	Start_HT2_45	1	0	45	0	7650	2400
4	7	Start_HT2_50	1	0	50	0	8000	2400
4	7	Start_E1_55	1	1	55	0	8900	2200
4	7	Start_E1_60	1	1	60	0	9200	2200
4	7	Start_LO_80	1	2	80	0	16000	2000
4	7	Start_LO_90	1	2	90	0	20000	2000
5	8	Start_R430	0	0	0	0	3800	1040
5	8	Start_R440	0	0	0	0	3900	1020
5	8	Start_R450	0	0	0	0	4000	1000
5	8	Start_HT2_55	1	0	55	0	8000	2400
5	8	Start_HT2_60	1	0	60	0	8400	2400
5	8	Start_HT2_65	1	0	65	0	9000	2400
5	8	Start_HT2_70	1	0	70	0	9490	2400
5	8	Start_HT2_70B	1	0	70	1	12000	2400
5	8	Start_E2_60	1	1	60	0	10000	2200
5	8	Start_E2_65	1	1	65	0	10800	2200
5	8	Start_E2_70	1	1	70	0	11990	2200
5	8	Start_LO_100	1	2	100	0	20000	2000
5	8	Start_LO_110	1	2	110	0	22200	2000
5	8	Start_LO_120	1	2	120	0	25000	2000
5	8	Monbird_LO_120	1	2	120	1	30000	2000
5	8	Monbird_LO_130	1	2	130	1	34000	2000
5	8	Monbird_LO_140	1	2	140	1	40000	2000
6	9	Start_R460	0	0	0	0	4000	980
6	9	Start_R470	0	0	0	0	4200	950
6	9	Start_HT3_70	1	0	70	0	9000	2400
6	9	Start_HT3_75	1	0	75	0	9400	2400
6	9	Start_E2_75	1	1	75	0	11000	2200
6	9	Start_E2_80	1	1	80	0	11500	2200
6	9	Start_LO+_120	1	2	120	1	20000	2000
6	9	Start_TR1_80	1	3	80	0	18000	1800
6	9	Start_TR1_90	1	3	90	0	20000	1800
6	9	Start_TR1_100	1	3	100	1	24000	1800
6	9	Monbird_LO_150	1	2	150	1	37000	2000
6	9	Monbird_LO_160	1	2	160	1	42000	2000
6	9	Monbird_TR_120	1	3	120	1	32000	1800
6	9	Monbird_TR_140	1	3	140	1	45000	1800
6	9	Monbird_TR_160	1	3	160	1	60000	1800
7	10	Start_R480	0	0	0	0	3900	930
7	10	Start_R490	0	0	0	0	4100	900
7	10	Start_HT3_80	1	0	80	0	8500	2400
7	10	Start_HT3_85	1	0	85	0	9000	2400
7	10	Start_E3_80	1	1	80	1	12000	2200
7	10	Start_E3_85	1	1	85	1	13000	2200
7	10	Start_LO+_130	1	2	130	1	22000	2000
7	10	Start_TR1_110	1	3	110	1	24000	1800
7	10	Start_TR1_120	1	3	120	1	27000	1800
7	10	Monbird_LO_170	1	2	170	1	40000	2000
7	10	Monbird_LO_180	1	2	180	1	45000	2000
7	10	Monbird_TR_160	1	3	160	1	50000	1800
7	10	Monbird_TR_180	1	3	180	1	60000	1800
7	10	Monbird_TR_200	1	3	200	1	70000	1800
8	10	Start_R500	0	0	0	0	4000	900
8	10	Start_R520	0	0	0	0	5000	850
8	10	Start_HT3_90	1	0	90	0	8790	2400
8	10	Start_HT3_95	1	0	95	0	9000	2400
8	10	Start_E3_90	1	1	90	1	12000	2200
8	10	Start_LO+_140	1	2	140	1	23000	2000
8	10	Start_TR2_120	1	3	120	1	25000	1800
8	10	Start_TR2_140	1	3	140	1	30000	1800
8	10	Monbird_LO+_180	1	2	180	1	39990	2000
8	10	Monbird_LO+_200	1	2	200	1	49990	2000
8	10	Monbird_TR_200	1	3	200	1	59990	1800
8	10	Monbird_TR_220	1	3	220	1	73000	1800
8	10	Monbird_TR_240	1	3	240	1	90000	1800
8	10	Monbird_TR+_240	1	4	240	1	90000	2000
8	10	Monbird_TR+_250	1	4	250	1	100000	2000
8	10	Monbird_TR+_260	1	4	260	1	115000	2000
9	10	Start_R540	0	0	0	0	4700	800
9	10	Start_R560	0	0	0	0	5300	750
9	10	Start_HT3_100	1	0	100	0	9000	2400
9	10	Start_HT3_100B	1	0	100	1	12500	2400
9	10	Start_E3_100	1	1	100	1	11300	2200
9	10	Start_LO+_150	1	2	150	1	24000	2000
9	10	Start_LO+_160	1	2	160	1	27000	2000
9	10	Start_TR2_160	1	3	160	1	37000	1800
9	10	Start_TR2_180	1	3	180	1	50000	1800
9	10	Monbird_LO+_220	1	2	220	1	58000	2000
9	10	Monbird_LO+_240	1	2	240	1	69990	2000
9	10	Monbird_TR_240	1	3	240	1	83000	1800
9	10	Monbird_TR_260	1	3	260	1	96000	1800
9	10	Monbird_TR+_270	1	4	270	1	120000	2000
10	10	Start_R580	0	0	0	0	5000	700
10	10	Start_HT3	1	0	100	1	11300	2300
10	10	Start_E3	1	1	100	1	10500	2100
10	10	Start_LO	1	2	160	1	25000	1900
10	10	Start_TR3_180	1	3	180	1	40000	1800
10	10	Start_TR3_200	1	3	200	1	53000	1800
10	10	Start_TR	1	3	200	1	58000	1700
10	10	Monbird_LO	1	2	240	1	64790	1900
10	10	Monbird_TR	1	3	260	1	90000	1700
10	10	Monbird_TR+	1	4	300	1	170000	1900
10	10	Monbird_TR+_280	1	4	280	1	130000	2000
10	10	Monbird_TR+_300	1	4	300	1	150000	2000
10	10	Monbird_2LO_280	1	5	280	1	180000	1800
10	10	Monbird_2LO_300	1	5	300	1	220000	1800
10	10	Monbird_2LO	1	5	300	1	250000	1600
[END]
[BACKS]
4	7	Start_HT1_30	0	30	0	3000	1200
4	7	Start_HT1_40	0	40	0	3500	1200
5	8	Start_HT1_50	0	50	0	3900	1200
5	8	Start_HT1_60	0	60	0	4500	1200
5	8	Start_HT1_60B	0	60	1	5800	1200
5	8	Start_E1_60	1	60	0	5000	1100
5	10	Monbird_HT_100	0	100	1	10000	1200
5	10	Monbird_HT_120	0	120	1	15000	1200
6	9	Start_HT2_60	0	60	0	4000	1200
6	9	Start_HT2_70	0	70	0	5100	1200
6	9	Start_HT2_70B	0	70	1	5990	1200
6	9	Start_E1_70	1	70	0	5300	1100
6	9	Start_LO_60	2	60	1	8000	700
6	9	Start_LO_70	2	70	1	9000	700
6	10	Monbird_E	1	100	1	20000	1100
6	9	Monbird_LO_120	2	120	1	26000	700
6	9	Monbird_LO_130	2	130	1	30000	700
7	10	Start_HT2_80	0	80	0	5000	1200
7	10	Start_HT2_90	0	90	0	5800	1200
7	10	Start_HT2_90B	0	90	1	7000	1200
7	10	Start_E1_80	1	80	0	5890	1100
7	10	Start_LO_80	2	80	1	8700	700
7	10	Start_LO_90	2	90	1	10000	700
7	10	Monbird_LO_140	2	140	1	32000	700
7	10	Monbird_LO_150	2	150	1	38000	700
8	10	Start_HT3_90	0	90	1	6000	1200
8	10	Start_HT3_100	0	100	1	7000	1200
8	10	Start_E2_80	1	80	0	5500	1100
8	10	Start_E2_90	1	90	0	6000	1100
8	10	Start_E2_90B	1	90	1	8000	1100
8	10	Start_LO+_90	2	90	1	9000	700
8	10	Start_LO+_100	2	100	1	12000	700
8	10	Start_TR1_120	3	120	1	16000	900
8	10	Start_TR1_135	3	135	1	20000	900
8	10	Start_TR1_150	3	150	1	24000	900
8	10	Monbird_LO+_150	2	150	1	34000	700
8	10	Monbird_LO+_160	2	160	1	40000	700
8	10	Monbird_TR_180	3	180	1	60000	900
8	10	Monbird_TR_200	3	200	1	80000	900
9	10	Start_HT3_110	0	110	1	7500	1200
9	10	Start_HT3_120	0	120	1	8700	1200
9	10	Start_E2_100	1	100	1	8000	1100
9	10	Start_LO+_110	2	110	1	13000	700
9	10	Start_LO+_120	2	120	1	15000	700
9	10	Start_TR2_150	3	150	1	22000	900
9	10	Start_TR2_160	3	160	1	28000	900
9	10	Start_TR2_170	3	170	1	35000	900
9	10	Monbird_LO+_170	2	170	1	44000	700
9	10	Monbird_LO+_180	2	180	1	55000	700
9	10	Monbird_TR_220	3	220	1	90000	900
9	10	Monbird_TR_240	3	240	1	110000	900
10	10	Start_HT3	0	120	1	8400	1200
10	10	Start_E2	1	100	1	7300	1100
10	10	Start_LO	2	120	1	13990	700
10	10	Start_TR2	3	180	1	35000	900
10	10	Monbird_LO	2	180	1	52000	700
10	10	Monbird_TR	3	240	1	100000	900
10	10	Monbird_2LO_200	4	200	1	120000	600
10	10	Monbird_2LO_220	4	220	1	160000	600
10	10	Monbird_2LO_240	4	240	1	200000	600
10	10	Monbird_2LO	4	240	1	240000	500
[END]
[TRANS]
0	2	Start_K10	1	0	2850	1800
0	2	Start_K11	1	0	3000	1790
0	2	Start_K12	1	0	3200	1780
1	3	Start_K13	1	0	3000	1770
1	3	Start_K14	1	0	3230	1760
1	3	Start_K15	1	0	3470	1750
2	4	Start_K16	1	0	3190	1740
2	4	Start_K17	1	0	3300	1725
2	5	Start_T100	6	0	4750	2500
2	5	Start_T120	6	0	4879	2490
2	5	Start_T140	6	0	5000	2480
3	5	Start_K18	1	0	3060	1713
3	5	Start_K19	1	0	3200	1700
3	6	Start_T160	6	0	4890	2466
3	6	Start_T180	6	0	5000	2450
3	6	Start_TT200	7	0	5300	2600
3	6	Start_TT220	7	0	5440	2585
3	6	Start_TT240	7	0	5600	2570
3	6	Xzor_6K10	6	0	5000	2500
3	6	Xzor_6K12	6	0	5200	2480
3	6	Xzor_6K14	6	0	5400	2450
4	7	Start_K20	1	0	3080	1700
4	7	Start_K21	1	0	3200	1690
4	7	Start_K22	1	0	3350	1680
4	7	Start_K23	1	0	3500	1666
4	7	Start_T200	6	0	4780	2450
4	7	Start_T220	6	0	4900	2440
4	7	Start_T240	6	0	5200	2430
4	7	Start_T200HL	6	1	5700	3050
4	7	Start_T240HL	6	1	6200	3030
4	7	Xzor_6K16	6	0	5300	2430
4	7	Xzor_6K18	6	0	5500	2400
4	7	Xzor_6K18D	6	1	7300	3000
4	7	Xzor_7K10	7	0	5600	2600
4	7	Xzor_7K12	7	0	5700	2580
4	7	Xzor_7K14	7	0	5800	2550
4	7	Xzor_7K10D	7	1	7400	3200
4	7	Start_TT260	7	0	5300	2550
4	7	Start_TT280	7	0	5500	2530
4	7	Start_TT260HL	7	1	6300	3150
5	8	Start_K24	1	0	3300	1650
5	8	Start_K25	1	0	3600	1640
5	8	Start_K26	1	0	3780	1630
5	8	Start_T260	6	0	5000	2416
5	8	Start_T280	6	0	5400	2400
5	8	Start_T280HL	6	1	6500	3000
5	8	Start_TT300	7	0	5500	2530
5	8	Start_TT320	7	0	5800	2515
5	8	Start_TT300HL	7	1	6600	3130
5	8	Start_8T10	8	0	8000	2700
5	8	Start_8T12	8	0	8400	2680
5	8	Start_8T14	8	0	8880	2660
5	8	Xzor_6K20	6	0	5300	2400
5	8	Xzor_6K20D	6	1	7000	3000
5	8	Xzor_6K22	6	0	5550	2380
5	8	Xzor_6K24	6	0	5780	2350
5	8	Xzor_6K24D	6	1	7700	2950
5	8	Xzor_7K16	7	0	5600	2530
5	8	Xzor_7K18	7	0	5900	2500
5	8	Xzor_7K18D	7	1	7850	3100
5	8	Xzor_8K10	8	0	8600	2700
5	8	Xzor_8K12	8	0	8990	2680
5	8	Xzor_8K14	8	0	9540	2650
5	8	Start_8T10HL	6	1	9600	3200
5	8	Xzor_8K10D	6	1	11400	3200
6	9	Start_K27	1	0	3500	1620
6	9	Start_K28	1	0	3600	1610
6	9	Start_K29	1	0	3740	1600
6	9	Start_T300	6	0	5190	2400
6	9	Start_T320	6	0	5370	2390
6	9	Start_T340	6	0	5500	2380
6	9	Start_T300HL	6	1	6220	3000
6	9	Start_TT340	7	0	5600	2500
6	9	Start_TT360	7	0	6860	2485
6	9	Start_TT340HL	7	1	6700	3100
6	9	Start_8T16	8	0	9300	2635
6	9	Start_8T18	8	0	9600	2620
6	9	Start_8T18HL	8	1	11500	3120
6	9	Xzor_6K26	6	0	5630	2330
6	9	Xzor_6K28	6	0	5900	2300
6	9	Xzor_6K28D	6	1	7850	2900
6	9	Xzor_7K20	7	0	5590	2500
6	9	Xzor_7K22	7	0	5800	2480
6	9	Xzor_7K24	7	0	6200	2450
6	9	Xzor_7K20D	7	1	7400	3100
6	9	Xzor_7K24D	7	1	8200	3050
6	9	Xzor_8K16	8	0	9200	2630
6	9	Xzor_8K18	8	0	9600	2600
6	9	Xzor_8K18D	8	1	12700	3200
7	10	Start_K30	1	0	3600	1600
7	10	Start_K31	1	0	3720	1590
7	10	Start_K32	1	0	3860	1580
7	10	Start_K33	1	0	4000	1570
7	10	Start_T360	6	0	5300	2366
7	10	Start_T380	6	0	5500	2350
7	10	Start_T380HL	6	1	6600	2950
7	10	Start_TT380	7	0	6800	2470
7	10	Start_TT380HL	7	1	8160	2970
7	10	Start_8T20	8	0	9370	2620
7	10	Start_8T22	8	0	9480	2610
7	10	Start_8T24	8	0	9620	2600
7	10	Start_8T24HL	8	1	11500	3200
7	10	Xzor_6K30	6	0	5600	2300
7	10	Xzor_6K32	6	0	5780	2280
7	10	Xzor_6K30D	6	1	7440	2900
7	10	Xzor_7K26	7	0	6200	2430
7	10	Xzor_7K28	7	0	6500	2400
7	10	Xzor_7K28D	7	1	8650	3000
7	10	Xzor_8K20	8	0	9460	2600
7	10	Xzor_8K22	8	0	9600	2580
7	10	Xzor_8K24	8	0	9830	2560
7	10	Xzor_8K20D	8	1	11350	3200
7	10	Xzor_9M100	9	0	12000	2800
7	10	Xzor_9M120	9	0	12400	2780
7	10	Xzor_9M140	9	0	13500	2760
7	10	Xzor_9M100D	9	1	15800	3400
8	10	Start_K34	1	0	3990	1560
8	10	Start_K35	1	0	4100	1550
8	10	Start_K36	1	0	4230	1530
8	10	Start_T500	6	0	5200	2350
8	10	Start_T520	6	0	5350	2333
8	10	Start_T540	6	0	5500	2320
8	10	Start_T540HL	6	1	6600	2920
8	10	Start_TT500	7	0	6560	2470
8	10	Start_TT520	7	0	6780	2455
8	10	Start_TT540	7	0	6980	2440
8	10	Start_TT540HL	7	1	8370	3040
8	10	Start_8T26	8	0	9600	2580
8	10	Start_8T28	8	0	9750	2560
8	10	Start_8T28HL	8	1	11700	3160
8	10	Xzor_6K34	6	0	5800	2260
8	10	Xzor_6K36	6	0	6000	2230
8	10	Xzor_6K34D	6	1	7710	2860
8	10	Xzor_7K30	7	0	6250	2400
8	10	Xzor_7K32	7	0	6400	2380
8	10	Xzor_7K34	7	0	6570	2350
8	10	Xzor_7K30D	7	1	8310	3000
8	10	Xzor_8K26	8	0	9800	2530
8	10	Xzor_8K28	8	0	10000	2500
8	10	Xzor_8K28D	8	1	13300	3100
8	10	Xzor_9M160	9	0	13300	2730
8	10	Xzor_9M180	9	0	13800	2700
8	10	Xzor_9M180D	9	1	18350	3300
8	10	Xzor_10M100	10	0	16000	2800
8	10	Xzor_10M130	10	0	16600	2760
8	10	Xzor_10M160	10	0	17400	2730
8	10	Xzor_10M190	10	0	18000	2700
8	10	Xzor_10M100D	10	1	21280	3400
8	10	Xzor_10M190D	10	1	23940	3300
9	10	Start_K37	1	0	4100	1520
9	10	Start_K38	1	0	4300	1510
9	10	Start_K39	1	0	4500	1500
9	10	Start_T560	6	0	5380	2310
9	10	Start_T580	6	0	5500	2300
9	10	Start_T580HL	6	1	6600	2900
9	10	Start_TT560	7	0	7000	2420
9	10	Start_TT580	7	0	7300	2400
9	10	Start_TT580HL	7	1	8760	3000
9	10	Start_8T30	8	0	9600	2560
9	10	Start_8T34	8	0	9800	2530
9	10	Start_8T38	8	0	10000	2500
9	10	Xzor_6K38	6	0	6000	2200
9	10	Xzor_6K38D	6	1	7990	2800
9	10	Xzor_7K36	7	0	6500	2320
9	10	Xzor_7K38	7	0	6780	2300
9	10	Xzor_7K38D	7	1	9000	2900
9	10	Xzor_8K30	8	0	9700	2500
9	10	Xzor_8K34	8	0	10000	2450
9	10	Xzor_8K38	8	0	10600	2400
9	10	Start_8T38HL	8	1	12000	3100
9	10	Xzor_8K30D	8	1	12900	3100
9	10	Xzor_8K38D	8	1	14000	3000
9	10	Xzor_9M200	9	0	13300	2700
9	10	Xzor_9M240	9	0	14000	2650
9	10	Xzor_9M280	9	0	15000	2600
9	10	Xzor_10M200	10	0	17400	2800
9	10	Xzor_10M240	10	0	18800	2750
9	10	Xzor_10M280	10	0	20000	2700
9	10	Xzor_9M200D	9	1	17700	3300
9	10	Xzor_9M280D	9	1	20000	3200
9	10	Xzor_10M200D	10	1	23100	3400
9	10	Xzor_10M280D	10	1	26600	3300
10	10	Start_K3	1	0	4200	1500
10	10	Start_T50	6	0	5000	2300
10	10	Start_TT50	7	0	7000	2400
10	10	Start_8T	8	0	9300	2500
10	10	Xzor_6K	6	0	5600	2200
10	10	Xzor_7K	7	0	6500	2300
10	10	Xzor_8K	8	0	10000	2400
10	10	Xzor_9M	9	0	14000	2600
10	10	Xzor_10M	10	0	18000	2700
10	10	Start_T50HL	6	1	6000	2900
10	10	Start_TT50HL	7	1	8400	3000
10	10	Start_8THL	8	1	11000	3100
10	10	Xzor_6KD	6	1	7400	2800
10	10	Xzor_7KD	7	1	8600	2900
10	10	Xzor_8KD	8	1	13000	3000
10	10	Xzor_9MD	9	1	18500	3200
10	10	Xzor_10MD	10	1	24000	3300
10	10	Xzor_STK10	11	0	25000	3000
10	10	Xzor_STK14	11	0	30000	2900
10	10	Xzor_STK18	11	0	38000	2800
10	10	Xzor_STK1	1	0	8000	1400
[END]
[RUDDERS]
0	2	Start_Y10	0	1200	1400
0	2	Start_Y12	0	1270	1380
0	2	Start_Y14	0	1350	1350
1	3	Start_Y16	0	1300	1330
1	3	Start_Y18	0	1400	1300
2	4	Start_Y20	0	1300	1300
2	4	Start_Y22	0	1400	1280
2	5	Start_L100	1	1800	1100
2	5	Start_L120	1	1900	1080
2	5	Start_L140	1	2000	1050
3	5	Start_Y24	0	1380	1250
3	5	Start_Y26	0	1470	1230
3	6	Start_L160	1	1900	1030
3	6	Start_L180	1	2000	1000
4	6	Start_Y28	0	1500	1200
4	7	Start_L200	1	1780	1000
4	7	Start_L220	1	1870	980
4	7	Start_L240	1	1980	950
5	7	Start_Y30	0	1350	1200
5	7	Start_Y32	0	1430	1180
5	7	Start_Y34	0	1560	1150
5	8	Start_L260	1	1900	930
5	8	Start_L280	1	2130	900
5	8	Monbird_V10	1	2600	1000
5	8	Monbird_V12	1	3200	950
5	8	Monbird_V14	1	4700	900
6	8	Start_Y36	0	1500	1130
6	8	Start_Y38	0	1700	1100
6	9	Start_L300	1	2000	900
6	9	Start_L320	1	2150	880
6	9	Start_L340	1	2380	850
6	9	Monbird_V16	1	4500	850
6	9	Monbird_V18	1	5800	800
6	9	Monbird_A1	2	5000	1100
6	9	Monbird_A3	2	5900	1080
6	9	Monbird_A5	2	7000	1050
7	9	Start_Y40	0	1500	1100
7	9	Start_Y42	0	1600	1080
7	10	Start_L360	1	2160	830
7	10	Start_L380	1	2400	800
7	10	Monbird_V20	1	5000	800
7	10	Monbird_V22	1	6000	750
7	10	Monbird_A7	2	6600	1030
7	10	Monbird_A9	2	7500	1000
8	10	Start_Y44	0	1550	1050
8	10	Start_Y46	0	1630	1030
8	10	Start_Y47	0	1800	1020
8	10	Start_L400	1	2100	800
8	10	Start_L420	1	2350	780
8	10	Start_L440	1	2500	750
8	10	Monbird_V24	1	6600	700
8	10	Monbird_V26	1	7500	650
8	10	Monbird_B1	2	7000	1000
8	10	Monbird_B3	2	7400	980
8	10	Monbird_B5	2	8000	950
9	10	Start_Y48	0	1790	1000
9	10	Start_L460	1	2380	730
9	10	Start_L480	1	2500	700
9	10	Monbird_V28	1	7500	600
9	10	Monbird_B7	2	7600	930
9	10	Monbird_B9	2	8000	900
10	10	Start_Y	0	1600	1000
10	10	Start_L	1	2330	700
10	10	Monbird_V	1	7000	600
10	10	Monbird_A	2	7000	1000
10	10	Monbird_B	2	7600	900
[END]
[BRAKES]
1	3	Start_V100	1	960	800
1	3	Start_V110	1	1000	790
2	4	Start_V120	1	1030	780
2	4	Start_V130	1	1100	770
3	5	Start_V140	1	1100	750
3	5	Start_V150	1	1150	740
3	6	Start_DM10	2	4000	900
3	6	Start_DM11	2	4100	890
3	6	Start_DM12	2	4230	880
4	6	Start_V160	1	1100	730
4	6	Start_V170	1	1130	720
4	6	Start_V180	1	1160	710
4	6	Start_V190	1	1200	700
4	7	Start_DM13	2	4150	870
4	7	Start_DM14	2	4250	850
4	7	Start_DM15	2	4400	840
4	7	Xzor_U600	1	1100	700
4	7	Xzor_U630	1	1160	690
4	7	Xzor_U660	1	1250	680
5	7	Start_V200	1	1120	700
5	7	Start_V210	1	1190	690
5	7	Start_V220	1	1250	680
5	7	Xzor_U690	1	1200	660
5	7	Xzor_U720	1	1300	640
5	8	Start_DM16	2	4500	830
5	8	Start_DM17	2	4630	820
5	8	Start_DM18	2	4750	810
5	8	Start_DM19	2	4890	800
5	8	Xzor_M100	2	5000	800
5	8	Xzor_M120	2	5350	780
5	8	Xzor_H500	3	12000	1000
5	8	Xzor_H520	3	12230	980
5	8	Xzor_H540	3	12500	950
6	8	Start_V230	1	1280	670
6	8	Start_V240	1	1340	650
6	8	Start_V250	1	1390	640
6	8	Start_V260	1	1450	630
6	8	Xzor_U750	1	1400	620
6	8	Xzor_U780	1	1560	600
6	9	Start_DM20	2	4500	800
6	9	Start_DM21	2	4590	790
6	9	Start_DM22	2	4690	780
6	9	Xzor_M140	2	5500	750
6	9	Xzor_H560	3	12700	930
6	9	Xzor_H580	3	13000	900
7	9	Start_V270	1	1300	620
7	9	Start_V280	1	1380	610
7	9	Start_V290	1	1500	600
7	9	Xzor_U800	1	1400	600
7	9	Xzor_U830	1	1480	590
7	9	Xzor_U860	1	1580	580
7	10	Start_DM23	2	4600	770
7	10	Start_DM24	2	4710	750
7	10	Start_DM25	2	4830	740
7	10	Start_DM26	2	4960	730
7	10	Xzor_M160	2	5700	730
7	10	Xzor_M180	2	6200	700
7	10	Xzor_H600	3	12300	900
7	10	Xzor_H620	3	12900	880
7	10	Xzor_H640	3	14200	850
8	10	Start_V300	1	1320	600
8	10	Start_V320	1	1390	580
8	10	Start_V340	1	1500	550
8	10	Start_DM27	2	4800	720
8	10	Start_DM28	2	4900	710
8	10	Start_DM29	2	5000	700
8	10	Xzor_U890	1	1400	550
8	10	Xzor_U920	1	1550	530
8	10	Xzor_M200	2	6000	700
8	10	Xzor_M220	2	6160	680
8	10	Xzor_M240	2	6320	650
8	10	Xzor_H660	3	15000	830
8	10	Xzor_H680	3	16000	800
9	10	Start_V360	1	1450	520
9	10	Start_V380	1	1590	500
9	10	Xzor_U950	1	1400	520
9	10	Xzor_U980	1	1500	500
9	10	Start_DM30	2	4750	700
9	10	Start_DM33	2	4890	660
9	10	Start_DM36	2	5000	630
9	10	Start_DM39	2	5200	600
9	10	Xzor_M260	2	6250	630
9	10	Xzor_M280	2	6490	600
9	10	Xzor_H700	3	15200	800
9	10	Xzor_H730	3	16300	760
9	10	Xzor_H760	3	17500	730
9	10	Xzor_H790	3	19000	700
10	10	Start_V	1	1500	500
10	10	Start_DM	2	5000	600
10	10	Xzor_U	1	1300	500
10	10	Xzor_M	2	6200	600
10	10	Xzor_H	3	18000	700
[END]
[WHEELS]
0	2	Circle_F10	1000	2300	2400
0	2	Circle_F20	1100	2400	2400
0	2	Circle_F30	1200	2500	2400
0	2	Circle_F40	1300	2600	2400
1	3	Circle_F12	1000	2500	2300
1	3	Circle_F22	1100	2600	2300
1	3	Circle_F32	1200	2700	2300
1	3	Circle_F42	1300	2800	2300
1	3	Circle_E10	1300	3400	2200
1	3	Circle_E20	1400	3500	2200
1	3	Circle_E30	1500	3600	2200
1	3	Circle_E40	1600	3700	2200
1	3	Circle_E50	1700	3840	2200
1	3	Circle_E60	1800	3990	2200
2	4	Circle_F14	1000	2000	2200
2	4	Circle_F24	1100	2100	2200
2	4	Circle_F34	1200	2200	2200
2	4	Circle_F44	1300	2300	2200
2	4	Circle_E12	1300	2600	2100
2	4	Circle_E22	1400	2800	2100
2	4	Circle_E32	1500	2950	2100
2	4	Circle_E42	1600	3100	2100
2	4	Circle_E52	1700	3350	2100
2	4	Circle_E62	1800	3500	2100
3	5	Circle_F45	1300	2200	2200
3	5	Circle_E14	1300	2900	2000
3	5	Circle_E24	1400	3100	2000
3	5	Circle_E34	1500	3300	2000
3	5	Circle_E44	1600	3500	2000
3	5	Circle_E54	1700	3700	2000
3	5	Circle_E64	1800	3900	2000
3	5	Circle_D10	1800	3300	2000
3	5	Circle_D20	1900	3400	2000
3	5	Circle_D30	2000	3500	2000
3	5	Circle_D40	2100	3600	2000
3	5	Circle_D50	2200	3700	2000
3	5	Circle_D60	2300	3800	2000
3	5	Circle_D70	2400	3900	2000
4	6	Circle_F46	1300	2100	2200
4	6	Circle_E65	1800	3700	2000
4	6	Circle_D12	1800	3590	1900
4	6	Circle_D22	1900	3700	1900
4	6	Circle_D32	2000	3800	1900
4	6	Circle_D42	2100	3900	1900
4	6	Circle_D52	2200	4000	1900
4	6	Circle_D62	2300	4100	1900
4	6	Circle_D72	2400	4200	1900
5	7	Circle_F47	1300	2000	2200
5	7	Circle_E66	1800	3500	2000
5	7	Circle_D14	1800	3800	1800
5	7	Circle_D24	1900	3900	1800
5	7	Circle_D34	2000	4050	1800
5	7	Circle_D44	2100	4200	1800
5	7	Circle_D54	2200	4350	1800
5	7	Circle_D64	2300	4500	1800
5	7	Circle_D74	2400	4650	1800
5	7	Circle_C10	2400	4000	1800
5	7	Circle_C20	2500	4100	1800
5	7	Circle_C30	2600	4200	1800
5	7	Circle_C40	2700	4300	1800
5	7	Circle_C50	2800	4400	1800
5	7	Circle_C60	2900	4500	1800
5	7	Circle_C70	3000	4600	1800
5	7	Circle_C80	3100	4700	1800
6	8	Circle_F48	1300	1900	2200
6	8	Circle_E67	1800	3300	2000
6	8	Circle_D75	2400	4500	1800
6	8	Circle_C12	2400	3800	1700
6	8	Circle_C22	2500	3900	1700
6	8	Circle_C32	2600	4000	1700
6	8	Circle_C42	2700	4100	1700
6	8	Circle_C52	2800	4200	1700
6	8	Circle_C62	2900	4300	1700
6	8	Circle_C72	3000	4400	1700
6	8	Circle_C82	3100	4500	1700
7	9	Circle_F49	1300	1800	2200
7	9	Circle_E68	1800	3100	2000
7	9	Circle_D76	2400	4200	1800
7	9	Circle_C14	2400	4200	1600
7	9	Circle_C24	2500	4300	1600
7	9	Circle_C34	2600	4400	1600
7	9	Circle_C44	2700	4500	1600
7	9	Circle_C54	2800	4600	1600
7	9	Circle_C64	2900	4700	1600
7	9	Circle_C74	3000	4800	1600
7	9	Circle_C84	3100	4900	1600
7	9	Circle_B10	3100	4400	1600
7	9	Circle_B20	3200	4500	1600
7	9	Circle_B30	3300	4600	1600
7	9	Circle_B40	3400	4700	1600
7	9	Circle_B50	3500	4800	1600
7	9	Circle_B60	3600	4900	1600
7	9	Circle_B70	3700	5000	1600
7	9	Circle_B80	3800	5100	1600
7	9	Circle_B90	3900	5200	1600
8	10	Circle_F50	1300	1700	2200
8	10	Circle_E69	1800	2900	2000
8	10	Circle_D77	2400	3900	1800
8	10	Circle_C85	3100	4600	1600
8	10	Circle_B12	3100	4700	1500
8	10	Circle_B22	3200	4800	1500
8	10	Circle_B32	3300	4900	1500
8	10	Circle_B42	3400	5000	1500
8	10	Circle_B52	3500	5100	1500
8	10	Circle_B62	3600	5200	1500
8	10	Circle_B72	3700	5300	1500
8	10	Circle_B82	3800	5400	1500
8	10	Circle_B92	3900	5500	1500
8	10	Circle_A10	3900	5000	1400
8	10	Circle_A20	4000	5200	1400
8	10	Circle_A30	4100	5400	1400
8	10	Circle_A40	4200	5600	1400
8	10	Circle_A50	4300	5800	1400
8	10	Circle_A60	4400	6000	1400
8	10	Circle_A70	4500	6200	1400
8	10	Circle_A13	3900	5700	1300
8	10	Circle_A23	4000	5900	1300
8	10	Circle_A33	4100	6100	1300
8	10	Circle_A43	4200	6300	1300
8	10	Circle_A53	4300	6500	1300
8	10	Circle_A63	4400	6700	1300
8	10	Circle_A73	4500	6900	1300
9	10	Circle_F99	1300	1500	2200
9	10	Circle_E99	1800	2600	2000
9	10	Circle_D99	2400	3500	1800
9	10	Circle_C99	3100	4300	1600
9	10	Circle_B14	3100	5200	1400
9	10	Circle_B24	3200	5300	1400
9	10	Circle_B34	3300	5400	1400
9	10	Circle_B44	3400	5500	1400
9	10	Circle_B54	3500	5600	1400
9	10	Circle_B64	3600	5700	1400
9	10	Circle_B74	3700	5800	1400
9	10	Circle_B84	3800	5900	1400
9	10	Circle_B94	3900	6000	1400
9	10	Circle_B99	3900	6100	1400
9	10	Circle_A16	3900	5800	1200
9	10	Circle_A26	4000	5900	1200
9	10	Circle_A36	4100	6000	1200
9	10	Circle_A46	4200	6100	1200
9	10	Circle_A56	4300	6200	1200
9	10	Circle_A66	4400	6300	1200
9	10	Circle_A76	4500	6400	1200
9	10	Circle_S1	4500	6000	1200
9	10	Circle_S2	4600	6100	1200
9	10	Circle_S3	4700	6200	1200
9	10	Circle_S4	4800	6300	1200
9	10	Circle_S5	4500	6600	1100
9	10	Circle_S6	4600	6700	1100
9	10	Circle_S7	4700	6800	1100
9	10	Circle_S8	4800	6900	1100
9	10	Circle_S9	4500	7200	1000
9	10	Circle_S10	4600	7300	1000
9	10	Circle_S11	4700	7400	1000
9	10	Circle_S12	4800	7500	1000
9	10	Circle_A99	4500	6000	1200
9	10	Circle_S99	4800	7000	1000
10	10	Circle_F	1300	1400	2200
10	10	Circle_E	1800	2500	2000
10	10	Circle_D	2400	3300	1800
10	10	Circle_C	3100	4200	1600
10	10	Circle_B	3900	6000	1400
10	10	Circle_A	4500	5700	1200
10	10	Circle_S	4800	7300	1000
10	10	Circle_X	5000	8000	1000
[END]
[CARDS]
0	2	Xzor_BT_VE1	1	750	220
0	2	Xzor_BT_VE2	1	750	220
0	2	Xzor_BT_VE3	1	750	220
1	3	Xzor_BT_VE4	1	825	210
1	3	Xzor_BT_VE5	1	825	210
1	3	Xzor_BT_VE6	1	825	210
2	4	Xzor_BT_VD1	1	900	200
2	4	Xzor_BT_VD2	1	900	200
2	4	Xzor_BT_VD3	1	900	200
3	5	Xzor_BT_VD4	1	975	190
3	5	Xzor_BT_VD5	1	975	190
3	5	Xzor_BT_VD6	1	975	190
3	5	Xzor_BT_DMD1	2	2500	190
3	5	Xzor_BT_DMD2	2	2500	190
3	5	Xzor_BT_DMD3	2	2500	190
4	6	Xzor_BT_VC1	1	1050	180
4	6	Xzor_BT_VC2	1	1050	180
4	6	Xzor_BT_DMD4	2	2850	180
4	6	Xzor_BT_DMD5	2	2850	180
5	7	Xzor_BT_VC3	1	1125	170
5	7	Xzor_BT_VC4	1	1125	170
5	7	Xzor_BT_DMC1	2	3200	170
5	7	Xzor_BT_DMC2	2	3200	170
5	7	Xzor_BT_DHC1	3	5000	170
5	7	Xzor_BT_DHC2	3	5000	170
5	7	Xzor_BT_DHC3	3	5000	170
6	8	Xzor_BT_VB1	1	1200	160
6	8	Xzor_BT_VB2	1	1200	160
6	8	Xzor_BT_VB3	1	1200	160
6	8	Xzor_BT_DMC3	2	3550	160
6	8	Xzor_BT_DMC4	2	3550	160
6	8	Xzor_BT_DMC5	2	3550	160
6	8	Xzor_BT_DHC4	3	6000	160
6	8	Xzor_BT_DHC5	3	6000	160
7	9	Xzor_BT_VB4	1	1275	150
7	9	Xzor_BT_VB5	1	1275	150
7	9	Xzor_BT_DMB1	2	3900	150
7	9	Xzor_BT_DMB2	2	3900	150
7	9	Xzor_BT_DMB3	2	3900	150
7	9	Xzor_BT_DHB1	3	7000	150
7	9	Xzor_BT_DHB2	3	7000	150
8	10	Xzor_BT_VA1	1	1350	140
8	10	Xzor_BT_VA2	1	1350	140
8	10	Xzor_BT_VA3	1	1350	140
8	10	Xzor_BT_DMB4	2	4250	140
8	10	Xzor_BT_DMB5	2	4250	140
8	10	Xzor_BT_DHB3	3	8000	140
8	10	Xzor_BT_DHB4	3	8000	140
8	10	Xzor_BT_DHB5	3	8000	140
9	10	Xzor_BT_VA4	1	1425	130
9	10	Xzor_BT_VA5	1	1425	130
9	10	Xzor_BT_DMA1	2	4600	130
9	10	Xzor_BT_DMA2	2	4600	130
9	10	Xzor_BT_DMA3	2	4600	130
9	10	Xzor_BT_DHA1	3	9000	130
9	10	Xzor_BT_DHA2	3	9000	130
9	10	Xzor_BT_DHA3	3	9000	130
10	10	Xzor_BT_VX	1	1500	120
10	10	Xzor_BT_DMX	2	5000	120
10	10	Xzor_BT_DHX	3	10000	120
[END]